0 0.6453125 0.58203125 0.24296875 0.2015625
0 0.1078125 0.5375 0.21484375 0.05546875
1 0.26796875 0.4078125 0.534375 0.20234375
1 0.61015625 0.4234375 0.2140625 0.16328125
0 0.2703125 0.60234375 0.540625 0.28515625
0 0.6078125 0.4265625 0.040625 0.0375
1 0.6 0.39296875 0.0921875 0.06640625
1 0.5203125 0.215625 0.08515625 0.109375
0 0.43671875 0.56171875 0.1875 0.10625
1 0.3609375 0.4484375 0.1234375 0.08671875
1 0.5171875 0.3765625 0.06953125 0.06171875
1 0.46328125 0.409375 0.11796875 0.1421875
1 0.3640625 0.3703125 0.1390625 0.078125
1 0.55 0.45390625 0.08671875 0.06171875