1 0.5609375 0.28046875 0.48125 0.553125
0 0.70390625 0.553125 0.2171875 0.08125
1 0.05859375 0.05625 0.11640625 0.08125
1 0.5296875 0.0828125 0.0953125 0.15546875
0 0.26015625 0.41875 0.20234375 0.20234375
1 0.24921875 0.08515625 0.4984375 0.1703125
1 0.0578125 0.10703125 0.115625 0.046875
0 0.69609375 0.49296875 0.1390625 0.0984375
0 0.6203125 0.27265625 0.015625 0.0125
1 0.565625 0.23828125 0.12109375 0.1046875
1 0.1578125 0.2328125 0.1265625 0.2265625
0 0.60625 0.3015625 0.03046875 0.0265625
1 0.7734375 0.1421875 0.1890625 0.11015625
1 0.7453125 0.396875 0.32734375 0.26171875
1 0.05859375 0.16015625 0.1171875 0.05625