1 0.62578125 0.284375 0.3359375 0.5640625
0 0.61796875 0.6109375 0.1765625 0.175
1 0.3453125 0.24375 0.409375 0.4875
0 0.81640625 0.72578125 0.06171875 0.02265625
0 0.46171875 0.5953125 0.240625 0.22578125
0 0.5609375 0.45546875 0.09765625 0.17578125
0 0.65 0.56796875 0.0609375 0.05859375
1 0.715625 0.58125 0.1 0.1671875
0 0.6890625 0.6625 0.0671875 0.07734375
1 0.4796875 0.628125 0.0796875 0.07109375
1 0.4828125 0.496875 0.040625 0.0703125
0 0.590625 0.7078125 0.11328125 0.02265625
1 0.5734375 0.540625 0.06328125 0.04296875
1 0.246875 0.1390625 0.19375 0.12890625
0 0.78984375 0.6921875 0.01953125 0.01875
1 0.36015625 0.22734375 0.1625 0.18046875
1 0.43046875 0.33984375 0.09765625 0.153125
0 0.7765625 0.7140625 0.03125 0.0109375
0 0.821875 0.7234375 0.01640625 0.00859375
1 0.48828125 0.42109375 0.07109375 0.109375
0 0.64765625 0.52421875 0.0484375 0.04375