1 0.74921875 0.24375 0.49921875 0.4875
0 0.11171875 0.70625 0.1015625 0.0484375
0 0.4828125 0.54765625 0.22265625 0.19921875
0 0.73359375 0.64609375 0.0421875 0.053125
0 0.5171875 0.3953125 0.303125 0.296875
1 0.446875 0.27890625 0.1015625 0.11015625
1 0.87890625 0.08984375 0.234375 0.1734375
1 0.38984375 0.4703125 0.1859375 0.18359375
1 0.87734375 0.2328125 0.15625 0.1953125
1 0.4453125 0.12421875 0.14765625 0.22734375
0 0.56953125 0.68828125 0.01953125 0.01171875
1 0.67578125 0.08125 0.3 0.15703125
0 0.83984375 0.44453125 0.0140625 0.0140625
1 0.759375 0.365625 0.14765625 0.196875