0 0.8015625 0.61875 0.165625 0.08671875
1 0.31171875 0.2546875 0.47734375 0.50625
0 0.36640625 0.40546875 0.2140625 0.2078125
1 0.22890625 0.475 0.12421875 0.0984375
0 0.253125 0.5328125 0.071875 0.05546875
1 0.23125 0.3390625 0.12421875 0.1421875
1 0.62578125 0.421875 0.115625 0.146875
1 0.13671875 0.23359375 0.2125 0.09296875
1 0.30703125 0.4234375 0.034375 0.03984375
1 0.3015625 0.04375 0.39140625 0.08515625
1 0.53828125 0.42578125 0.0984375 0.1203125
1 0.3796875 0.22109375 0.215625 0.13984375