1 0.7046875 0.2296875 0.40234375 0.45703125
0 0.72421875 0.30859375 0.0609375 0.06171875
0 0.7671875 0.2734375 0.146875 0.13671875
0 0.52890625 0.49921875 0.1375 0.12421875
0 0.80546875 0.2546875 0.0359375 0.08515625
1 0.76484375 0.05625 0.2515625 0.11015625
0 0.59453125 0.3890625 0.13359375 0.190625
1 0.8546875 0.15078125 0.10234375 0.13671875
0 0.4296875 0.56171875 0.09453125 0.084375
0 0.609375 0.4265625 0.05 0.075
1 0.68671875 0.5421875 0.1484375 0.1
0 0.5671875 0.553125 0.0609375 0.05078125