1 0.8046875 0.2625 0.390625 0.521875
0 0.365625 0.634375 0.134375 0.1234375
0 0.76640625 0.62109375 0.4671875 0.2390625
1 0.75703125 0.07265625 0.253125 0.14375
0 0.91015625 0.7015625 0.15546875 0.0453125
1 0.55078125 0.51875 0.25703125 0.12890625
1 0.94453125 0.66953125 0.07734375 0.0109375
0 0.77265625 0.65 0.12421875 0.16015625
1 0.6453125 0.49921875 0.1140625 0.0671875
1 0.64375 0.44453125 0.0703125 0.0625
0 0.840625 0.44375 0.03515625 0.03984375
1 0.7046875 0.4390625 0.19375 0.14375
1 0.92109375 0.6046875 0.15546875 0.1140625
1 0.36328125 0.28984375 0.08125 0.21015625
1 0.87734375 0.440625 0.18671875 0.1234375