1 0.73359375 0.2609375 0.5203125 0.5171875
0 0.6859375 0.44375 0.20703125 0.1140625
0 0.35234375 0.58125 0.278125 0.284375
1 0.4125 0.315625 0.25078125 0.34765625
0 0.96171875 0.28203125 0.0390625 0.0375
0 0.30078125 0.57578125 0.1265625 0.06953125
0 0.384375 0.55390625 0.1234375 0.0921875
1 0.93359375 0.0609375 0.1328125 0.11875
0 0.4453125 0.5609375 0.05625 0.0578125
0 0.61796875 0.48359375 0.0609375 0.05625
0 0.75 0.4140625 0.0546875 0.03203125
1 0.23515625 0.51875 0.075 0.06953125
1 0.83046875 0.20703125 0.196875 0.2125
1 0.30703125 0.49140625 0.1109375 0.0921875
0 0.72734375 0.77265625 0.3734375 0.45234375
1 0.6296875 0.0421875 0.153125 0.084375
1 0.80390625 0.040625 0.1890625 0.07890625