1 0.7421875 0.178125 0.4296875 0.35546875
0 0.684375 0.34375 0.1078125 0.096875
0 0.80390625 0.3296875 0.071875 0.06171875
0 0.8796875 0.315625 0.059375 0.03828125
0 0.534375 0.33515625 0.03203125 0.03984375
1 0.5984375 0.2921875 0.1515625 0.15546875
0 0.95234375 0.25390625 0.03046875 0.02421875
0 0.48203125 0.3453125 0.01171875 0.0296875
0 0.609375 0.3609375 0.1046875 0.0625
0 0.53671875 0.278125 0.0265625 0.0421875
1 0.884375 0.1140625 0.1140625 0.146875
0 0.49375 0.32265625 0.01640625 0.0234375
1 0.65390625 0.1609375 0.1921875 0.1421875
1 0.9125 0.1234375 0.01484375 0.075