0 0.275 0.85234375 0.1921875 0.28515625
0 0.42890625 0.4 0.196875 0.23828125
0 0.096875 0.8625 0.1859375 0.26640625
0 0.45390625 0.309375 0.075 0.07421875
0 0.584375 0.3796875 0.0859375 0.18671875
0 0.23125 0.603125 0.1375 0.1734375
0 0.61015625 0.23046875 0.125 0.103125
0 0.4609375 0.61015625 0.0546875 0.0875
0 0.665625 0.2640625 0.321875 0.490625
0 0.5578125 0.2375 0.0546875 0.06171875
0 0.596875 0.31796875 0.0375 0.0546875
0 0.653125 0.23046875 0.03515625 0.04765625
0 0.521875 0.484375 0.14453125 0.13125
0 0.7484375 0.103125 0.1484375 0.153125
0 0.6671875 0.20546875 0.0328125 0.03046875
0 0.359375 0.45859375 0.04765625 0.053125
0 0.50546875 0.48984375 0.0484375 0.06328125
0 0.4828125 0.5375 0.05 0.05625
0 0.45234375 0.33046875 0.03515625 0.028125
0 0.0375 0.95234375 0.07109375 0.09375
0 0.2234375 0.9546875 0.090625 0.08984375
1 0.90234375 0.09296875 0.153125 0.1734375