1 0.72734375 0.0734375 0.2265625 0.146875
1 0.40703125 0.22265625 0.22265625 0.4359375
0 0.60390625 0.34375 0.07109375 0.0421875
0 0.365625 0.42265625 0.10546875 0.07109375
1 0.55390625 0.17109375 0.140625 0.33515625
0 0.2703125 0.56328125 0.0546875 0.02734375
1 0.33046875 0.2875 0.0796875 0.0859375
1 0.44375 0.06171875 0.1359375 0.1203125
0 0.4734375 0.35625 0.06328125 0.0515625
1 0.3125 0.415625 0.06171875 0.0640625
1 0.4546875 0.146875 0.13203125 0.134375
1 0.18359375 0.2546875 0.359375 0.11875
1 0.80546875 0.109375 0.04609375 0.0796875
1 0.375 0.37265625 0.08984375 0.0703125
0 0.090625 0.296875 0.0046875 0.009375
1 0.32109375 0.3609375 0.07734375 0.0609375
0 0.6046875 0.27578125 0.103125 0.1671875
0 0.5515625 0.3515625 0.1046875 0.04375
1 0.56640625 0.10546875 0.046875 0.059375
1 0.90625 0.15 0.15703125 0.05078125
0 0.3859375 0.321875 0.0375 0.04375