0 0.85625 0.85859375 0.27734375 0.1421875
0 0.190625 0.68828125 0.3765625 0.1703125
1 0.65546875 0.2140625 0.30546875 0.42109375
0 0.78203125 0.64765625 0.24140625 0.0328125
0 0.96015625 0.590625 0.0296875 0.01484375
0 0.3125 0.70390625 0.11796875 0.071875
0 0.05 0.6375 0.09765625 0.053125
0 0.2015625 0.64296875 0.1265625 0.053125
0 0.20546875 0.55546875 0.4 0.03515625
0 0.35859375 0.565625 0.0328125 0.0078125
0 0.834375 0.57890625 0.0421875 0.01484375
0 0.05078125 0.725 0.1 0.0765625
0 0.02421875 0.58515625 0.0453125 0.0296875
0 0.4890625 0.58046875 0.0265625 0.00859375