0 0.29453125 0.86796875 0.4 0.2640625
0 0.78203125 0.8484375 0.415625 0.29375
1 0.44765625 0.21171875 0.1671875 0.41484375
0 0.19453125 0.67265625 0.225 0.06875
0 0.50859375 0.546875 0.946875 0.09765625
0 0.60234375 0.67109375 0.1140625 0.08203125
0 0.65546875 0.6375 0.08125 0.05546875
0 0.534375 0.65546875 0.05 0.0375
0 0.9171875 0.91328125 0.14765625 0.153125
0 0.321875 0.71171875 0.63984375 0.1203125
0 0.34296875 0.6046875 0.05390625 0.0234375
0 0.7875 0.87578125 0.103125 0.0875
0 0.39921875 0.65078125 0.04375 0.01953125
0 0.59140625 0.5578125 0.08203125 0.0328125