1 0.7203125 0.25390625 0.53984375 0.49609375
0 0.778125 0.4828125 0.196875 0.140625
0 0.4734375 0.6578125 0.13984375 0.10078125
0 0.59375 0.49609375 0.1140625 0.06875
0 0.4859375 0.55546875 0.78046875 0.3125
0 0.165625 0.56171875 0.09296875 0.04375
0 0.29375 0.4875 0.14765625 0.08203125
1 0.56875 0.3796875 0.2484375 0.20234375
0 0.24140625 0.5171875 0.0453125 0.0265625
0 0.63125 0.64921875 0.0453125 0.03984375
0 0.10625 0.5171875 0.0515625 0.0296875
1 0.84921875 0.09296875 0.3015625 0.18125
1 0.9 0.35078125 0.1984375 0.18125
1 0.66328125 0.0953125 0.10078125 0.0609375