1 0.74140625 0.2609375 0.5109375 0.521875
0 0.81875 0.67265625 0.14765625 0.13671875
0 0.3203125 0.76953125 0.24921875 0.09765625
0 0.64921875 0.525 0.0875 0.0796875
0 0.65078125 0.6671875 0.09765625 0.32890625
0 0.6125 0.74765625 0.06953125 0.08984375
1 0.7390625 0.653125 0.1 0.2109375
0 0.51328125 0.77265625 0.0390625 0.0671875
0 0.2265625 0.7578125 0.0203125 0.0484375
1 0.7546875 0.53984375 0.13359375 0.04609375
0 0.5078125 0.35703125 0.228125 0.3109375
0 0.4484375 0.78125 0.03984375 0.0765625
1 0.38125 0.284375 0.0890625 0.1578125