1 0.5890625 0.26875 0.79765625 0.53515625
0 0.40859375 0.64453125 0.0796875 0.08671875
0 0.2703125 0.23671875 0.49609375 0.1234375
1 0.8828125 0.53828125 0.0890625 0.0734375
0 0.43671875 0.63359375 0.02265625 0.05859375
1 0.56015625 0.6125 0.09453125 0.165625
0 0.37890625 0.65 0.0171875 0.0640625
1 0.35078125 0.11015625 0.2578125 0.215625
1 0.1984375 0.0453125 0.1203125 0.0875
1 0.7875 0.12109375 0.28203125 0.2328125
0 0.478125 0.63125 0.0265625 0.0328125
0 0.39765625 0.6421875 0.01640625 0.059375
1 0.65546875 0.6234375 0.21796875 0.2109375
1 0.65703125 0.37578125 0.1453125 0.184375
0 0.5515625 0.59296875 0.01171875 0.03203125
0 0.12578125 0.26171875 0.1484375 0.0546875
1 0.64140625 0.59453125 0.04296875 0.0859375
1 0.4828125 0.21953125 0.14921875 0.1265625
1 0.55 0.4109375 0.08984375 0.1671875
1 0.5953125 0.559375 0.0640625 0.1109375
1 0.76171875 0.428125 0.146875 0.11796875
1 0.64765625 0.56640625 0.021875 0.03046875