0 0.103125 0.375 0.0703125 0.04375
0 0.16953125 0.55625 0.040625 0.10625
0 0.2921875 0.64765625 0.096875 0.0546875
0 0.3640625 0.76328125 0.096875 0.071875
0 0.7765625 0.79296875 0.434375 0.0890625
0 0.37265625 0.5625 0.0859375 0.1015625
0 0.5359375 0.63671875 0.134375 0.0625
0 0.61328125 0.54296875 0.0765625 0.1515625
0 0.7796875 0.525 0.1640625 0.115625
0 0.8765625 0.359375 0.2234375 0.3171875
0 0.70078125 0.34375 0.1015625 0.10625
0 0.4484375 0.34140625 0.159375 0.0953125
0 0.29296875 0.3640625 0.1015625 0.0609375