0 0.0796875 0.37734375 0.034375 0.1078125
0 0.06015625 0.484375 0.04375 0.1078125
0 0.046875 0.615625 0.0359375 0.1640625
0 0.27890625 0.62734375 0.040625 0.153125
0 0.27421875 0.48203125 0.0265625 0.146875
0 0.271875 0.27890625 0.0328125 0.0921875
0 0.43046875 0.2140625 0.034375 0.115625
0 0.45078125 0.28515625 0.021875 0.0703125
0 0.46484375 0.35703125 0.025 0.0828125
0 0.50625 0.4671875 0.0390625 0.15
0 0.578125 0.62890625 0.053125 0.18125
0 0.89921875 0.64453125 0.0671875 0.1609375
0 0.79453125 0.49296875 0.04375 0.1140625
0 0.70546875 0.33515625 0.03125 0.1390625
0 0.61640625 0.2234375 0.040625 0.0984375
0 0.7859375 0.19921875 0.0390625 0.09375
0 0.96875 0.334375 0.0359375 0.1609375